0,273
0,270
129,35
3,2
3,1
3,3
10,166
10,118
10,220
10,94
10,92
10,106
10,1
10,160
10,2
10,3
11,8
11,20
11,17
11,21
11,9
11,26
11,18
11,1
11,23
11,2
11,3
9,7
9,4
9,1
9,6
9,2
9,3
8,9
8,6
8,12
8,15
8,10
8,1
8,5
8,2
8,3
12,2
12,1
12,3
20,2
20,1
20,3
19,2
19,1
19,3
18,1
18,3
14,1
14,3
13,1
13,3
2,2
2,1
2,3
128,4
128,3
128,2
128,1
128,0
127,4
127,3
127,2
127,1
127,0
126,5
126,4
126,3
126,2
126,1
126,0
125,3
125,2
125,1
125,0
124,3
124,2
124,1
124,0
0,472
0,0
129,34
129,33
129,32
129,31
129,30
129,29
129,28
129,27
129,26
129,25
129,24
129,23
129,22
129,21
129,20
129,19
129,18
129,17
